  t1 = 
  -128
  -120
  -112
  -104
   -96
   -88
   -80
   -72
   -64
   -56
   -48
   -40
   -32
   -24
   -16
    -8
     0
     8
    16
    24
    32
    40
    48
    56
    64
    72
    80
    88
    96
   104
   112
   120
  -127
  -119
  -111
  -103
   -95
   -87
   -79
   -71
   -63
   -55
   -47
   -39
   -31
   -23
   -15
    -7
     1
     9
    17
    25
    33
    41
    49
    57
    65
    73
    81
    89
    97
   105
   113
   121
  -126
  -118
  -110
  -102
   -94
   -86
   -78
   -70
   -62
   -54
   -46
   -38
   -30
   -22
   -14
    -6
     2
    10
    18
    26
    34
    42
    50
    58
    66
    74
    82
    90
    98
   106
   114
   122
  -125
  -117
  -109
  -101
   -93
   -85
   -77
   -69
   -61
   -53
   -45
   -37
   -29
   -21
   -13
    -5
     3
    11
    19
    27
    35
    43
    51
    59
    67
    75
    83
    91
    99
   107
   115
   123
  -124
  -116
  -108
  -100
   -92
   -84
   -76
   -68
   -60
   -52
   -44
   -36
   -28
   -20
   -12
    -4
     4
    12
    20
    28
    36
    44
    52
    60
    68
    76
    84
    92
   100
   108
   116
   124
  -123
  -115
  -107
   -99
   -91
   -83
   -75
   -67
   -59
   -51
   -43
   -35
   -27
   -19
   -11
    -3
     5
    13
    21
    29
    37
    45
    53
    61
    69
    77
    85
    93
   101
   109
   117
   125
  -122
  -114
  -106
   -98
   -90
   -82
   -74
   -66
   -58
   -50
   -42
   -34
   -26
   -18
   -10
    -2
     6
    14
    22
    30
    38
    46
    54
    62
    70
    78
    86
    94
   102
   110
   118
   126
  -121
  -113
  -105
   -97
   -89
   -81
   -73
   -65
   -57
   -49
   -41
   -33
   -25
   -17
    -9
    -1
     7
    15
    23
    31
    39
    47
    55
    63
    71
    79
    87
    95
   103
   111
   119
   127
