t1 = 
    -67   -3    -7   -11   -15   -19   -23   -27   -31   -35   -39   -43   -47   -51   -55   -59   -63
    -66   -2    -6   -10   -14   -18   -22   -26   -30   -34   -38   -42   -46   -50   -54   -58   -62
    -65   -1    -5    -9   -13   -17   -21   -25   -29   -33   -37   -41   -45   -49   -53   -57   -61
    -64    0    -4    -8   -12   -16   -20   -24   -28   -32   -36   -40   -44   -48   -52   -56   -60
     65    1     5     9    13    17    21    25    29    33    37    41    45    49    53    57    61
     66    2     6    10    14    18    22    26    30    34    38    42    46    50    54    58    62
     67    3     7    11    15    19    23    27    31    35    39    43    47    51    55    59    63
     68    4     8    12    16    20    24    28    32    36    40    44    48    52    56    60    64

t2 =
      0   -3    -4    -4   -4    -4    -4    -4    -4    -4    -4    -4    -4    -4    -4    -4    -4 
      0   -2    -4    -4   -4    -4    -4    -4    -4    -4    -4    -4    -4    -4    -4    -4    -4 
      0   -1    -4    -4   -4    -4    -4    -4    -4    -4    -4    -4    -4    -4    -4    -4    -4 
      0    0    -4    -4   -4    -4    -4    -4    -4    -4    -4    -4    -4    -4    -4    -4    -4 
      0    1     4     4    4     4     4     4     4     4     4     4     4     4     4     4     4 
      0    2     4     4    4     4     4     4     4     4     4     4     4     4     4     4     4 
      0    3     4     4    4     4     4     4     4     4     4     4     4     4     4     4     4 
      0    4     4     4    4     4     4     4     4     4     4     4     4     4     4     4     4 
