     t1 =
0
    -8
     8
   -16
    16
   -24
    24
   -32
    32
   -40
    40
   -48
    48
   -56
    56
   -64
    64
   -72
    72
   -80
    80
   -88
    88
   -96
    96
  -104
   104
  -112
   112
  -120
   120
  -128
   128
  -136
   136
  -144
   144
  -152
   152
  -160
   160
  -168
   168
  -176
   176
  -184
   184
  -192
   192
  -200
   200
  -208
   208
  -216
   216
  -224
   224
  -232
   232
  -240
   240
  -248
   248
  -256
     1
    -7
     9
   -15
    17
   -23
    25
   -31
    33
   -39
    41
   -47
    49
   -55
    57
   -63
    65
   -71
    73
   -79
    81
   -87
    89
   -95
    97
  -103
   105
  -111
   113
  -119
   121
  -127
   129
  -135
   137
  -143
   145
  -151
   153
  -159
   161
  -167
   169
  -175
   177
  -183
   185
  -191
   193
  -199
   201
  -207
   209
  -215
   217
  -223
   225
  -231
   233
  -239
   241
  -247
   249
  -255
     2
    -6
    10
   -14
    18
   -22
    26
   -30
    34
   -38
    42
   -46
    50
   -54
    58
   -62
    66
   -70
    74
   -78
    82
   -86
    90
   -94
    98
  -102
   106
  -110
   114
  -118
   122
  -126
   130
  -134
   138
  -142
   146
  -150
   154
  -158
   162
  -166
   170
  -174
   178
  -182
   186
  -190
   194
  -198
   202
  -206
   210
  -214
   218
  -222
   226
  -230
   234
  -238
   242
  -246
   250
  -254
     3
    -5
    11
   -13
    19
   -21
    27
   -29
    35
   -37
    43
   -45
    51
   -53
    59
   -61
    67
   -69
    75
   -77
    83
   -85
    91
   -93
    99
  -101
   107
  -109
   115
  -117
   123
  -125
   131
  -133
   139
  -141
   147
  -149
   155
  -157
   163
  -165
   171
  -173
   179
  -181
   187
  -189
   195
  -197
   203
  -205
   211
  -213
   219
  -221
   227
  -229
   235
  -237
   243
  -245
   251
  -253
     4
    -4
    12
   -12
    20
   -20
    28
   -28
    36
   -36
    44
   -44
    52
   -52
    60
   -60
    68
   -68
    76
   -76
    84
   -84
    92
   -92
   100
  -100
   108
  -108
   116
  -116
   124
  -124
   132
  -132
   140
  -140
   148
  -148
   156
  -156
   164
  -164
   172
  -172
   180
  -180
   188
  -188
   196
  -196
   204
  -204
   212
  -212
   220
  -220
   228
  -228
   236
  -236
   244
  -244
   252
  -252
     5
    -3
    13
   -11
    21
   -19
    29
   -27
    37
   -35
    45
   -43
    53
   -51
    61
   -59
    69
   -67
    77
   -75
    85
   -83
    93
   -91
   101
   -99
   109
  -107
   117
  -115
   125
  -123
   133
  -131
   141
  -139
   149
  -147
   157
  -155
   165
  -163
   173
  -171
   181
  -179
   189
  -187
   197
  -195
   205
  -203
   213
  -211
   221
  -219
   229
  -227
   237
  -235
   245
  -243
   253
  -251
     6
    -2
    14
   -10
    22
   -18
    30
   -26
    38
   -34
    46
   -42
    54
   -50
    62
   -58
    70
   -66
    78
   -74
    86
   -82
    94
   -90
   102
   -98
   110
  -106
   118
  -114
   126
  -122
   134
  -130
   142
  -138
   150
  -146
   158
  -154
   166
  -162
   174
  -170
   182
  -178
   190
  -186
   198
  -194
   206
  -202
   214
  -210
   222
  -218
   230
  -226
   238
  -234
   246
  -242
   254
  -250
     7
    -1
    15
    -9
    23
   -17
    31
   -25
    39
   -33
    47
   -41
    55
   -49
    63
   -57
    71
   -65
    79
   -73
    87
   -81
    95
   -89
   103
   -97
   111
  -105
   119
  -113
   127
  -121
   135
  -129
   143
  -137
   151
  -145
   159
  -153
   167
  -161
   175
  -169
   183
  -177
   191
  -185
   199
  -193
   207
  -201
   215
  -209
   223
  -217
   231
  -225
   239
  -233
   247
  -241
   255
  -249
