t1 = 
    -71   -63   -55  -47   -39   -31   -23   -15   -7     1     9     17    25    33    41    49    57
    -70   -62   -54  -46   -38   -30   -22   -14   -6     2     10    18    26    34    42    50    58
    -69   -61   -53  -45   -37   -29   -21   -13   -5     3     11    19    27    35    43    51    59
    -68   -60   -52  -44   -36   -28   -20   -12   -4     4     12    20    28    36    44    52    60
    -67   -59   -51  -43   -35   -27   -19   -11   -3     5     13    21    29    37    45    53    61
    -66   -58   -50  -42   -34   -26   -18   -10   -2     6     14    22    30    38    46    54    62
    -65   -57   -49  -41   -33   -25   -17   -9    -1     7     15    23    31    39    47    55    63
    -64   -56   -48  -40   -32   -24   -16   -8     0     8     16    24    32    40    48    56    64

t2 =
      0   -63    8     8    8     8     8     8     8     8     8     8     8     8     8     8     8 
      0   -62    8     8    8     8     8     8     8     8     8     8     8     8     8     8     8 
      0   -61    8     8    8     8     8     8     8     8     8     8     8     8     8     8     8 
      0   -60    8     8    8     8     8     8     8     8     8     8     8     8     8     8     8 
      0   -59    8     8    8     8     8     8     8     8     8     8     8     8     8     8     8 
      0   -58    8     8    8     8     8     8     8     8     8     8     8     8     8     8     8 
      0   -57    8     8    8     8     8     8     8     8     8     8     8     8     8     8     8 
      0   -56    8     8    8     8     8     8     8     8     8     8     8     8     8     8     8 
