     t1 =
     0
    -8
     8
   -16
    16
   -24
    24
   -32
    32
   -40
    40
   -48
    48
   -56
    56
   -64
    64
   -72
    72
   -80
    80
   -88
    88
   -96
    96
  -104
   104
  -112
   112
  -120
   120
  -128
     1
    -7
     9
   -15
    17
   -23
    25
   -31
    33
   -39
    41
   -47
    49
   -55
    57
   -63
    65
   -71
    73
   -79
    81
   -87
    89
   -95
    97
  -103
   105
  -111
   113
  -119
   121
  -127
     2
    -6
    10
   -14
    18
   -22
    26
   -30
    34
   -38
    42
   -46
    50
   -54
    58
   -62
    66
   -70
    74
   -78
    82
   -86
    90
   -94
    98
  -102
   106
  -110
   114
  -118
   122
  -126
     3
    -5
    11
   -13
    19
   -21
    27
   -29
    35
   -37
    43
   -45
    51
   -53
    59
   -61
    67
   -69
    75
   -77
    83
   -85
    91
   -93
    99
  -101
   107
  -109
   115
  -117
   123
  -125
     4
    -4
    12
   -12
    20
   -20
    28
   -28
    36
   -36
    44
   -44
    52
   -52
    60
   -60
    68
   -68
    76
   -76
    84
   -84
    92
   -92
   100
  -100
   108
  -108
   116
  -116
   124
  -124
     5
    -3
    13
   -11
    21
   -19
    29
   -27
    37
   -35
    45
   -43
    53
   -51
    61
   -59
    69
   -67
    77
   -75
    85
   -83
    93
   -91
   101
   -99
   109
  -107
   117
  -115
   125
  -123
     6
    -2
    14
   -10
    22
   -18
    30
   -26
    38
   -34
    46
   -42
    54
   -50
    62
   -58
    70
   -66
    78
   -74
    86
   -82
    94
   -90
   102
   -98
   110
  -106
   118
  -114
   126
  -122
     7
    -1
    15
    -9
    23
   -17
    31
   -25
    39
   -33
    47
   -41
    55
   -49
    63
   -57
    71
   -65
    79
   -73
    87
   -81
    95
   -89
   103
   -97
   111
  -105
   119
  -113
   127
  -121
