t1 = 
    -35   -3    -7   -11   -15   -19   -23   -27   -31
    -34   -2    -6   -10   -14   -18   -22   -26   -30
    -33   -1    -5    -9   -13   -17   -21   -25   -29
    -32    0    -4    -8   -12   -16   -20   -24   -28
     33    1     5     9    13    17    21    25    29
     34    2     6    10    14    18    22    26    30
     35    3     7    11    15    19    23    27    31
     36    4     8    12    16    20    24    28    32

t2 = 
     0    -3    -4   -4    -4    -4    -4    -4    -4 
     0    -2    -4   -4    -4    -4    -4    -4    -4 
     0    -1    -4   -4    -4    -4    -4    -4    -4 
     0     0    -4   -4    -4    -4    -4    -4    -4 
     0     1     4    4     4     4     4     4     4
     0     2     4    4     4     4     4     4     4
     0     3     4    4     4     4     4     4     4
     0     4     4    4     4     4     4     4     4
