t1 = 
   -15   -31   -47   -63   -79   -95  -111  -127
   -14   -30   -46   -62   -78   -94  -110  -126
   -13   -29   -45   -61   -77   -93  -109  -125
   -12   -28   -44   -60   -76   -92  -108  -124
   -11   -27   -43   -59   -75   -91  -107  -123
   -10   -26   -42   -58   -74   -90  -106  -122
    -9   -25   -41   -57   -73   -89  -105  -121
    -8   -24   -40   -56   -72   -88  -104  -120
    -7   -23   -39   -55   -71   -87  -103  -119
    -6   -22   -38   -54   -70   -86  -102  -118
    -5   -21   -37   -53   -69   -85  -101  -117
    -4   -20   -36   -52   -68   -84  -100  -116
    -3   -19   -35   -51   -67   -83   -99  -115
    -2   -18   -34   -50   -66   -82   -98  -114
    -1   -17   -33   -49   -65   -81   -97  -113
     0   -16   -32   -48   -64   -80   -96  -112
     1    17    33    49    65    81    97   113
     2    18    34    50    66    82    98   114
     3    19    35    51    67    83    99   115
     4    20    36    52    68    84   100   116
     5    21    37    53    69    85   101   117
     6    22    38    54    70    86   102   118
     7    23    39    55    71    87   103   119
     8    24    40    56    72    88   104   120
     9    25    41    57    73    89   105   121
    10    26    42    58    74    90   106   122
    11    27    43    59    75    91   107   123
    12    28    44    60    76    92   108   124
    13    29    45    61    77    93   109   125
    14    30    46    62    78    94   110   126
    15    31    47    63    79    95   111   127
    16    32    48    64    80    96   112   128
