  t1 =
  -128
  -124
  -120
  -116
  -112
  -108
  -104
  -100
   -96
   -92
   -88
   -84
   -80
   -76
   -72
   -68
   -64
   -60
   -56
   -52
   -48
   -44
   -40
   -36
   -32
   -28
   -24
   -20
   -16
   -12
    -8
    -4
     0
     4
     8
    12
    16
    20
    24
    28
    32
    36
    40
    44
    48
    52
    56
    60
    64
    68
    72
    76
    80
    84
    88
    92
    96
   100
   104
   108
   112
   116
   120
   124
  -127
  -123
  -119
  -115
  -111
  -107
  -103
   -99
   -95
   -91
   -87
   -83
   -79
   -75
   -71
   -67
   -63
   -59
   -55
   -51
   -47
   -43
   -39
   -35
   -31
   -27
   -23
   -19
   -15
   -11
    -7
    -3
     1
     5
     9
    13
    17
    21
    25
    29
    33
    37
    41
    45
    49
    53
    57
    61
    65
    69
    73
    77
    81
    85
    89
    93
    97
   101
   105
   109
   113
   117
   121
   125
  -126
  -122
  -118
  -114
  -110
  -106
  -102
   -98
   -94
   -90
   -86
   -82
   -78
   -74
   -70
   -66
   -62
   -58
   -54
   -50
   -46
   -42
   -38
   -34
   -30
   -26
   -22
   -18
   -14
   -10
    -6
    -2
     2
     6
    10
    14
    18
    22
    26
    30
    34
    38
    42
    46
    50
    54
    58
    62
    66
    70
    74
    78
    82
    86
    90
    94
    98
   102
   106
   110
   114
   118
   122
   126
  -125
  -121
  -117
  -113
  -109
  -105
  -101
   -97
   -93
   -89
   -85
   -81
   -77
   -73
   -69
   -65
   -61
   -57
   -53
   -49
   -45
   -41
   -37
   -33
   -29
   -25
   -21
   -17
   -13
    -9
    -5
    -1
     3
     7
    11
    15
    19
    23
    27
    31
    35
    39
    43
    47
    51
    55
    59
    63
    67
    71
    75
    79
    83
    87
    91
    95
    99
   103
   107
   111
   115
   119
   123
   127
