   t1 =
   -64
   -60
   -56
   -52
   -48
   -44
   -40
   -36
   -32
   -28
   -24
   -20
   -16
   -12
    -8
    -4
     0
     4
     8
    12
    16
    20
    24
    28
    32
    36
    40
    44
    48
    52
    56
    60
   -63
   -59
   -55
   -51
   -47
   -43
   -39
   -35
   -31
   -27
   -23
   -19
   -15
   -11
    -7
    -3
     1
     5
     9
    13
    17
    21
    25
    29
    33
    37
    41
    45
    49
    53
    57
    61
   -62
   -58
   -54
   -50
   -46
   -42
   -38
   -34
   -30
   -26
   -22
   -18
   -14
   -10
    -6
    -2
     2
     6
    10
    14
    18
    22
    26
    30
    34
    38
    42
    46
    50
    54
    58
    62
   -61
   -57
   -53
   -49
   -45
   -41
   -37
   -33
   -29
   -25
   -21
   -17
   -13
    -9
    -5
    -1
     3
     7
    11
    15
    19
    23
    27
    31
    35
    39
    43
    47
    51
    55
    59
    63
