     t1 =
     0
    -4
     4
    -8
     8
   -12
    12
   -16
    16
   -20
    20
   -24
    24
   -28
    28
   -32
    32
   -36
    36
   -40
    40
   -44
    44
   -48
    48
   -52
    52
   -56
    56
   -60
    60
   -64
    64
   -68
    68
   -72
    72
   -76
    76
   -80
    80
   -84
    84
   -88
    88
   -92
    92
   -96
    96
  -100
   100
  -104
   104
  -108
   108
  -112
   112
  -116
   116
  -120
   120
  -124
   124
  -128
     1
    -3
     5
    -7
     9
   -11
    13
   -15
    17
   -19
    21
   -23
    25
   -27
    29
   -31
    33
   -35
    37
   -39
    41
   -43
    45
   -47
    49
   -51
    53
   -55
    57
   -59
    61
   -63
    65
   -67
    69
   -71
    73
   -75
    77
   -79
    81
   -83
    85
   -87
    89
   -91
    93
   -95
    97
   -99
   101
  -103
   105
  -107
   109
  -111
   113
  -115
   117
  -119
   121
  -123
   125
  -127
     2
    -2
     6
    -6
    10
   -10
    14
   -14
    18
   -18
    22
   -22
    26
   -26
    30
   -30
    34
   -34
    38
   -38
    42
   -42
    46
   -46
    50
   -50
    54
   -54
    58
   -58
    62
   -62
    66
   -66
    70
   -70
    74
   -74
    78
   -78
    82
   -82
    86
   -86
    90
   -90
    94
   -94
    98
   -98
   102
  -102
   106
  -106
   110
  -110
   114
  -114
   118
  -118
   122
  -122
   126
  -126
     3
    -1
     7
    -5
    11
    -9
    15
   -13
    19
   -17
    23
   -21
    27
   -25
    31
   -29
    35
   -33
    39
   -37
    43
   -41
    47
   -45
    51
   -49
    55
   -53
    59
   -57
    63
   -61
    67
   -65
    71
   -69
    75
   -73
    79
   -77
    83
   -81
    87
   -85
    91
   -89
    95
   -93
    99
   -97
   103
  -101
   107
  -105
   111
  -109
   115
  -113
   119
  -117
   123
  -121
   127
  -125
