     t1 =
     0
    -2
     2
    -4
     4
    -6
     6
    -8
     8
   -10
    10
   -12
    12
   -14
    14
   -16
    16
   -18
    18
   -20
    20
   -22
    22
   -24
    24
   -26
    26
   -28
    28
   -30
    30
   -32
    32
   -34
    34
   -36
    36
   -38
    38
   -40
    40
   -42
    42
   -44
    44
   -46
    46
   -48
    48
   -50
    50
   -52
    52
   -54
    54
   -56
    56
   -58
    58
   -60
    60
   -62
    62
   -64
    64
   -66
    66
   -68
    68
   -70
    70
   -72
    72
   -74
    74
   -76
    76
   -78
    78
   -80
    80
   -82
    82
   -84
    84
   -86
    86
   -88
    88
   -90
    90
   -92
    92
   -94
    94
   -96
    96
   -98
    98
  -100
   100
  -102
   102
  -104
   104
  -106
   106
  -108
   108
  -110
   110
  -112
   112
  -114
   114
  -116
   116
  -118
   118
  -120
   120
  -122
   122
  -124
   124
  -126
   126
  -128
     1
    -1
     3
    -3
     5
    -5
     7
    -7
     9
    -9
    11
   -11
    13
   -13
    15
   -15
    17
   -17
    19
   -19
    21
   -21
    23
   -23
    25
   -25
    27
   -27
    29
   -29
    31
   -31
    33
   -33
    35
   -35
    37
   -37
    39
   -39
    41
   -41
    43
   -43
    45
   -45
    47
   -47
    49
   -49
    51
   -51
    53
   -53
    55
   -55
    57
   -57
    59
   -59
    61
   -61
    63
   -63
    65
   -65
    67
   -67
    69
   -69
    71
   -71
    73
   -73
    75
   -75
    77
   -77
    79
   -79
    81
   -81
    83
   -83
    85
   -85
    87
   -87
    89
   -89
    91
   -91
    93
   -93
    95
   -95
    97
   -97
    99
   -99
   101
  -101
   103
  -103
   105
  -105
   107
  -107
   109
  -109
   111
  -111
   113
  -113
   115
  -115
   117
  -117
   119
  -119
   121
  -121
   123
  -123
   125
  -125
   127
  -127
