t1 = 
  -127   -15   -31   -47   -63   -79   -95  -111
  -126   -14   -30   -46   -62   -78   -94  -110
  -125   -13   -29   -45   -61   -77   -93  -109
  -124   -12   -28   -44   -60   -76   -92  -108
  -123   -11   -27   -43   -59   -75   -91  -107
  -122   -10   -26   -42   -58   -74   -90  -106
  -121    -9   -25   -41   -57   -73   -89  -105
  -120    -8   -24   -40   -56   -72   -88  -104
  -119    -7   -23   -39   -55   -71   -87  -103
  -118    -6   -22   -38   -54   -70   -86  -102
  -117    -5   -21   -37   -53   -69   -85  -101
  -116    -4   -20   -36   -52   -68   -84  -100
  -115    -3   -19   -35   -51   -67   -83   -99
  -114    -2   -18   -34   -50   -66   -82   -98
  -113    -1   -17   -33   -49   -65   -81   -97
  -112     0   -16   -32   -48   -64   -80   -96
   113     1    17    33    49    65    81    97
   114     2    18    34    50    66    82    98
   115     3    19    35    51    67    83    99
   116     4    20    36    52    68    84   100
   117     5    21    37    53    69    85   101
   118     6    22    38    54    70    86   102
   119     7    23    39    55    71    87   103
   120     8    24    40    56    72    88   104
   121     9    25    41    57    73    89   105
   122    10    26    42    58    74    90   106
   123    11    27    43    59    75    91   107
   124    12    28    44    60    76    92   108
   125    13    29    45    61    77    93   109
   126    14    30    46    62    78    94   110
   127    15    31    47    63    79    95   111
   128    16    32    48    64    80    96   112
