t1 = 
   -71   -7   -15   -23   -31   -39   -47   -55   -63
   -70   -6   -14   -22   -30   -38   -46   -54   -62
   -69   -5   -13   -21   -29   -37   -45   -53   -61
   -68   -4   -12   -20   -28   -36   -44   -52   -60
   -67   -3   -11   -19   -27   -35   -43   -51   -59
   -66   -2   -10   -18   -26   -34   -42   -50   -58
   -65   -1    -9   -17   -25   -33   -41   -49   -57
   -64    0    -8   -16   -24   -32   -40   -48   -56
    65    1     9    17    25    33    41    49    57
    66    2    10    18    26    34    42    50    58
    67    3    11    19    27    35    43    51    59
    68    4    12    20    28    36    44    52    60
    69    5    13    21    29    37    45    53    61
    70    6    14    22    30    38    46    54    62
    71    7    15    23    31    39    47    55    63
    72    8    16    24    32    40    48    56    64

t2 = 
     0   -7   -8    -8    -8    -8    -8    -8    -8
     0   -6   -8    -8    -8    -8    -8    -8    -8
     0   -5   -8    -8    -8    -8    -8    -8    -8
     0   -4   -8    -8    -8    -8    -8    -8    -8
     0   -3   -8    -8    -8    -8    -8    -8    -8
     0   -2   -8    -8    -8    -8    -8    -8    -8
     0   -1   -8    -8    -8    -8    -8    -8    -8
     0    0   -8    -8    -8    -8    -8    -8    -8
     0    1    8     8     8     8     8     8     8
     0    2    8     8     8     8     8     8     8
     0    3    8     8     8     8     8     8     8
     0    4    8     8     8     8     8     8     8
     0    5    8     8     8     8     8     8     8
     0    6    8     8     8     8     8     8     8
     0    7    8     8     8     8     8     8     8
     0    8    8     8     8     8     8     8     8
